0:3;12;21;23;24;34;
1:0;2;5;6;7;11;20;21;28;29;53;92;97;98;
2:7;13;25;27;32;43;77;86;
3:1;6;9;10;15;22;42;51;68;75;
4:2;6;12;21;32;43;
5:0;8;16;22;32;
6:2;5;7;8;19;20;24;26;60;73;76;82;98;
7:5;8;13;20;60;65;94;96;98;99;
8:5;10;14;20;55;69;
9:1;4;11;12;13;14;21;24;41;86;95;98;
10:0;9;15;19;33;36;51;71;
11:4;6;36;69;84;
12:2;8;13;20;21;31;37;39;73;
13:5;8;23;30;74;
14:4;8;21;22;60;69;
15:0;2;8;11;12;13;21;58;60;65;97;
16:5;6;7;10;15;20;24;36;98;
17:9;19;20;42;47;52;85;91;94;
18:0;19;20;23;24;28;30;37;
19:2;3;9;11;22;23;24;55;72;96;
20:0;3;10;51;53;
21:0;3;6;9;16;20;24;30;
22:0;4;6;7;10;14;17;45;46;47;79;
23:1;3;8;12;16;17;18;20;22;55;58;73;95;
24:0;1;4;7;10;16;20;21;25;43;51;60;66;
25:19;28;30;33;35;42;43;45;46;77;
26:5;32;34;38;41;42;43;45;47;51;81;
27:20;29;37;38;46;47;49;
28:25;26;29;34;48;54;62;63;82;86;
29:22;26;31;37;42;47;49;85;
30:11;24;36;43;49;
31:10;28;33;35;39;86;
32:26;38;41;45;47;75;
33:3;5;12;27;34;41;48;54;76;92;
34:7;32;33;40;48;61;63;95;99;
35:16;17;28;29;45;71;
36:6;26;28;31;32;35;46;47;60;75;79;87;95;
37:0;28;34;58;67;95;
38:3;37;42;44;45;70;71;94;
39:26;29;30;38;43;84;88;
40:33;35;36;42;48;59;68;71;
41:36;38;40;47;49;62;69;
42:7;16;21;26;31;32;37;47;68;72;97;
43:10;22;30;34;36;39;45;
44:6;28;30;35;38;42;43;46;54;64;65;77;91;96;
45:1;2;16;21;32;39;46;85;
46:4;28;33;37;39;40;49;65;71;75;88;92;
47:10;22;31;33;34;42;
48:3;18;31;34;37;41;42;43;49;58;64;89;
49:3;29;30;31;34;43;53;60;95;
50:3;6;20;22;38;41;52;54;57;61;63;68;84;
51:7;16;28;40;42;54;55;57;71;82;
52:10;45;48;50;53;55;56;64;65;66;70;84;
53:26;31;36;45;50;56;59;62;66;72;
54:4;17;28;38;43;48;56;62;69;91;95;
55:9;10;12;20;23;32;52;61;65;66;67;81;86;94;
56:1;47;50;69;71;83;
57:1;10;11;12;33;51;55;61;63;64;84;85;
58:0;50;56;59;70;83;96;
59:22;45;49;52;53;55;62;72;96;
60:4;20;37;51;56;64;80;
61:8;9;63;
62:17;39;46;51;56;69;
63:18;53;55;56;58;68;72;79;91;
64:11;14;21;24;39;42;56;62;70;77;
65:26;43;51;53;57;59;61;67;76;84;
66:33;35;50;57;63;69;84;92;
67:6;19;21;22;64;66;71;73;98;
68:8;56;73;74;88;91;
69:2;23;42;51;52;61;71;75;80;
70:6;31;56;62;68;69;71;73;74;88;89;
71:10;19;29;58;64;82;
72:19;24;48;53;63;66;68;69;70;96;99;
73:38;53;56;57;58;83;84;88;
74:51;58;61;67;70;97;
75:5;65;77;78;80;82;86;88;93;96;98;99;
76:11;22;26;33;51;79;85;93;
77:22;56;57;64;69;76;79;86;88;91;92;
78:12;19;22;37;41;75;84;90;91;94;96;99;
79:7;80;81;83;85;86;98;
80:26;56;74;77;88;94;99;
81:1;5;17;42;88;90;97;98;
82:13;41;51;63;70;80;91;94;97;
83:22;28;45;81;89;92;94;
84:22;30;51;81;83;85;87;90;93;95;96;
85:6;37;69;86;97;
86:4;10;53;56;69;83;84;85;89;90;92;
87:36;40;42;45;81;86;88;89;98;
88:11;13;18;35;69;77;81;83;87;93;96;
89:29;39;47;59;77;79;83;95;
90:1;4;11;28;32;33;41;60;77;96;
91:5;6;20;40;46;80;81;94;97;
92:22;70;74;76;78;83;90;94;95;96;
93:2;14;53;59;74;77;78;83;90;94;96;98;
94:10;13;25;27;46;80;86;87;98;
95:3;26;44;63;70;75;77;85;96;
96:23;40;84;85;92;98;
97:13;49;76;80;83;84;86;89;90;96;
98:5;7;43;80;81;82;84;85;87;91;
99:44;51;52;66;68;73;82;85;87;91;94;97;98;
